Pixlr
[192, 192, 192]
[192, 192, 192]
[192, 192, 192]
[192, 192, 192]
[192, 192, 192]
[192, 192, 192]
[192, 192, 192]
[192, 192, 192]
[192, 192, 192]
[255, 215, 0]
[255, 215, 0]
[255, 215, 0]
[255, 215, 0]
[255, 215, 0]
[255, 215, 0]
[192, 192, 192]
[192, 192, 192]
[255, 215, 0]
[255, 0, 0]
[255, 0, 0]
[255, 0, 0]
[255, 0, 0]
[255, 215, 0]
[192, 192, 192]
[192, 192, 192]
[255, 215, 0]
[255, 0, 0]
[0, 255, 255]
[0, 255, 255]
[255, 0, 0]
[255, 215, 0]
[192, 192, 192]
[192, 192, 192]
[255, 215, 0]
[255, 0, 0]
[0, 255, 255]
[0, 255, 255]
[255, 0, 0]
[255, 215, 0]
[192, 192, 192]
[192, 192, 192]
[255, 215, 0]
[255, 0, 0]
[255, 0, 0]
[255, 0, 0]
[255, 0, 0]
[255, 215, 0]
[192, 192, 192]
[192, 192, 192]
[255, 215, 0]
[255, 215, 0]
[255, 215, 0]
[255, 215, 0]
[255, 215, 0]
[255, 215, 0]
[192, 192, 192]
[192, 192, 192]
[192, 192, 192]
[192, 192, 192]
[192, 192, 192]
[192, 192, 192]
[192, 192, 192]
[192, 192, 192]
[192, 192, 192]